-1.606109091396425725e+01 -1.610001232580505715e+01 -1.584762083464220339e+01 -1.630073073954796925e+01
-1.541752194222167915e+01 -1.538488113843050087e+01 -1.498136231988978295e+01 -1.529896876498860436e+01
-1.466609184134511246e+01 -1.441765939708626121e+01 -1.399886281708481128e+01 -1.422399696898425248e+01
-1.403975840801068209e+01 -1.304280009147792541e+01 -1.300000000000000000e+01 -1.381113840589452835e+01
-1.398668998954349618e+01 -1.299979408507867618e+01 -1.200000000000000000e+01 -1.298531652716749818e+01
-1.299976087288599125e+01 -1.199998733593630185e+01 -1.100000000000000000e+01 -1.199966338906388685e+01
-1.199999982237042673e+01 -1.099999994034184070e+01 -1.000000000000000000e+01 -1.099999976158142090e+01
-1.099999466260687875e+01 -9.999997589438164525e+00 -9.000000000000000000e+00 -9.999999498486896954e+00
-9.999998310057273798e+00 -8.999999970180244446e+00 -8.000000000000000000e+00 -8.999999978395445410e+00
-8.999998486836986444e+00 -7.999999981186673992e+00 -7.999999999693950592e+00 -7.000000000000000000e+00
-1.626172585608986054e+01 -1.658059207685153780e+01 -1.597713827371924644e+01 -1.660554227998717991e+01
-1.643381402014644266e+01 -1.557235125894735184e+01 -1.499991033583573596e+01 -1.543447798906282209e+01
-1.517692580039580896e+01 -1.460284124118269844e+01 -1.399999999126103489e+01 -1.429390618888084674e+01
-1.493757265185002225e+01 -1.399999736862767818e+01 -1.300000000000000000e+01 -1.398218581690473705e+01
-1.334645919114836055e+01 -1.274473947216430680e+01 -1.199999999873805479e+01 -1.286422890813454067e+01
-1.299607909255507820e+01 -1.197791104340741697e+01 -1.100000000000000000e+01 -1.198316236699534088e+01
-1.094934285876594871e+01 -1.017485070106623724e+01 -9.997129935204984719e+00 -1.048353891316603281e+01
-8.018247879035385495e+00 -6.017249159629500355e+00 -8.468204935173119452e+00 -5.283426284790039062e+00
-7.383547711009669001e+00 -7.299712672339803810e+00 -6.999999777473749241e+00 -7.499088532475981950e+00
-8.999998306851560770e+00 -7.999999938540030442e+00 -6.999999985098838806e+00 -6.000000000000000000e+00
-1.698537158189627405e+01 -1.699999441852381565e+01 -1.600000000000000000e+01 -1.788986110612843561e+01
-1.699956194601221071e+01 -1.599624101016233624e+01 -1.500000000000000000e+01 -1.699456858716657592e+01
-1.599018404768081503e+01 -1.499480831099609190e+01 -1.400000000000000000e+01 -1.499915410552886819e+01
-1.422119196246004691e+01 -1.304116248367921038e+01 -1.299999992047652242e+01 -1.303508915023628667e+01
-1.399923735533061375e+01 -1.299974958775605494e+01 -1.200000000000000000e+01 -1.298437499053001076e+01
-1.235948743736836164e+01 -1.174968104199036389e+01 -1.099930108758036340e+01 -1.139215684404715212e+01
0.000000000000000000e+00 0.000000000000000000e+00 0.000000000000000000e+00 0.000000000000000000e+00
-7.500000000000000000e+00 -4.079315185546875000e+00 -5.748177064951963899e+00 -4.430676720337942243e+00
-8.353223943527794404e+00 -6.994773362917942272e+00 -5.999999989244431120e+00 -6.336669921875000000e+00
-7.999977320199444186e+00 -6.999999992910221458e+00 -5.999998087922945089e+00 -5.000000000000000000e+00
-1.799909823412379950e+01 -1.699981158508516899e+01 -1.699981705762422735e+01 -1.699986625193924894e+01
-1.789990493222170187e+01 -1.600000000000000000e+01 -1.699999809259701067e+01 -1.600000000000000000e+01
-1.512968564860241472e+01 -1.468519456868694917e+01 -1.399999791341254962e+01 -1.449757585816993632e+01
-1.489052999652578535e+01 -1.399088390900487511e+01 -1.300000000000000000e+01 -1.393324809313147838e+01
-1.300870325873785127e+01 -1.282990356841157364e+01 -1.199458390272461017e+01 -1.227136230468750000e+01
-1.171322996557396401e+01 -1.148988889283562997e+01 -1.098229512021653065e+01 -1.125000000000000000e+01
0.000000000000000000e+00 0.000000000000000000e+00 0.000000000000000000e+00 0.000000000000000000e+00
0.000000000000000000e+00 0.000000000000000000e+00 0.000000000000000000e+00 0.000000000000000000e+00
-5.855931133031845093e+00 -7.196364956585241224e+00 -4.999999999960096808e+00 -5.000000000000000000e+00
-6.999999278542817116e+00 -5.999989555910574701e+00 -4.999985963106155396e+00 -4.000000000000000000e+00
-1.699819723707243568e+01 -1.798778248505182731e+01 -1.600000000000000000e+01 -1.700000000000000000e+01
-1.699856503371485417e+01 -1.697990005204028563e+01 -1.500000000000000000e+01 -1.574690184543958793e+01
-1.578901819996925582e+01 -1.497437362996795684e+01 -1.400000000000000000e+01 -1.486274657066915239e+01
-1.392810581613018428e+01 -1.343661317201522465e+01 -1.297968200089046853e+01 -1.361869725172174483e+01
-1.201060468427422734e+01 -1.226785252888633870e+01 -1.195749734665353614e+01 -1.192961187653998500e+01
0.000000000000000000e+00 0.000000000000000000e+00 0.000000000000000000e+00 0.000000000000000000e+00
0.000000000000000000e+00 0.000000000000000000e+00 0.000000000000000000e+00 0.000000000000000000e+00
0.000000000000000000e+00 0.000000000000000000e+00 0.000000000000000000e+00 0.000000000000000000e+00
-4.443339188583195210e+00 -5.911444380167361956e+00 -3.999991390166542260e+00 -4.000000000000000000e+00
-5.999991093075700554e+00 -4.999995257228647461e+00 -3.999999522416652020e+00 -3.000000000000000000e+00
-1.577010001503160197e+01 -1.551488599894391385e+01 -1.551246395474427864e+01 -1.576567094844221195e+01
-1.549649187959380470e+01 -1.528496152793104912e+01 -1.486852728068114970e+01 -1.506486514796082865e+01
-1.397552628060613067e+01 -1.462096647017417439e+01 -1.395051287552606745e+01 -1.421640167917921360e+01
-1.414565940417493550e+01 -1.295734866739119262e+01 -1.287681184539292900e+01 -1.300000000000000000e+01
0.000000000000000000e+00 0.000000000000000000e+00 0.000000000000000000e+00 0.000000000000000000e+00
0.000000000000000000e+00 0.000000000000000000e+00 0.000000000000000000e+00 0.000000000000000000e+00
0.000000000000000000e+00 0.000000000000000000e+00 0.000000000000000000e+00 0.000000000000000000e+00
0.000000000000000000e+00 0.000000000000000000e+00 0.000000000000000000e+00 0.000000000000000000e+00
0.000000000000000000e+00 -5.999985351276880152e+00 -2.999999992316588759e+00 -9.999999850988388062e-01
-4.999892869434290787e+00 -3.999999378109350801e+00 -2.999969482339565729e+00 -2.000000000000000000e+00
-1.536462809424847364e+01 -1.539057287892060799e+01 -1.529154700887497853e+01 -1.521031709612017480e+01
-1.498813466990083576e+01 -1.459573974152747766e+01 -1.457605338710970244e+01 -1.450000000000000000e+01
-1.419253091642605114e+01 -1.422051572091282168e+01 -1.373968121404789855e+01 -1.366981866991860173e+01
0.000000000000000000e+00 0.000000000000000000e+00 0.000000000000000000e+00 0.000000000000000000e+00
0.000000000000000000e+00 0.000000000000000000e+00 0.000000000000000000e+00 0.000000000000000000e+00
0.000000000000000000e+00 0.000000000000000000e+00 0.000000000000000000e+00 0.000000000000000000e+00
0.000000000000000000e+00 0.000000000000000000e+00 0.000000000000000000e+00 0.000000000000000000e+00
0.000000000000000000e+00 0.000000000000000000e+00 0.000000000000000000e+00 0.000000000000000000e+00
0.000000000000000000e+00 0.000000000000000000e+00 0.000000000000000000e+00 0.000000000000000000e+00
-1.000000000000000000e+00 -2.999999970197677612e+00 -1.999999046325683594e+00 -1.999938964843750000e+00
