-2.750000000000000000e+01 -2.750000000000000000e+01 -2.755171852545975497e+01 -2.794097699769210053e+01
-2.735494478117115236e+01 -2.700000000000000000e+01 -2.734153123529298313e+01 -2.734687984460050103e+01
-2.689838912315719455e+01 -2.700000000000000000e+01 -2.736372676286155681e+01 -2.707966508952665663e+01
-2.731632245055688202e+01 -2.700000000000000000e+01 -2.697839578178842856e+01 -2.700000000000000000e+01
-2.657724991070490717e+01 -2.650000000000000000e+01 -2.599991075437475274e+01 -2.600000000000000000e+01
-2.615094907709034544e+01 -2.500000000000000000e+01 -2.499999994869993714e+01 -2.550000000000000000e+01
-2.405820291213153794e+01 -2.500000000000000000e+01 -2.399999999999540279e+01 -2.450000000000000000e+01
-2.420340995284578156e+01 -2.300000000000000000e+01 -2.299999999999997513e+01 -2.350000000000000000e+01
-2.379328314829689361e+01 -2.200000000000000000e+01 -2.200000000000000000e+01 -2.200000000000000000e+01
-2.426928310791577559e+01 -1.800000000000000000e+01 -2.100000000000000000e+01 -1.599999998870652895e+01
-2.700000000000000000e+01 -2.762966168297720060e+01 -2.676026358179247211e+01 -2.782720087022922684e+01
-2.675502043365662530e+01 -2.725791131692798785e+01 -2.733043339699290897e+01 -2.720852208992571519e+01
-2.708992262006324125e+01 -2.735905145148296924e+01 -2.707059957746382040e+01 -2.740283885071267633e+01
-2.736746336446779537e+01 -2.743136641674209386e+01 -2.691921125211015209e+01 -2.700000000000000000e+01
-2.645415901228469480e+01 -2.640191233158111572e+01 -2.596539275585391948e+01 -2.600000000000000000e+01
-2.529348416526390508e+01 -2.571744495630264282e+01 -2.498471302248990611e+01 -2.500000000000000000e+01
-2.428265391984366772e+01 -2.376977539062500000e+01 -2.382696147502261041e+01 -2.448913574218750000e+01
-1.871860645846396665e+01 -1.518750000000000000e+01 -1.481575235491524722e+01 -1.821875000000000000e+01
-1.957267516581529776e+01 -1.634765625000000000e+01 -1.610902905464172363e+01 -1.600000000000000000e+01
-2.381555753075725335e+01 -1.747002146206796169e+01 -1.600000000000000000e+01 -1.499999999881756096e+01
-2.800000000000000000e+01 -6.818945907169836573e+01 -2.804746459838423078e+01 -4.488060787718251277e+01
-2.780552595379219838e+01 -2.744480348016970339e+01 -2.777906782193912250e+01 -2.821345237620777979e+01
-2.740589903838792907e+01 -2.756148423787738722e+01 -2.761133809323506583e+01 -2.754469650995256558e+01
-2.746726287278380596e+01 -2.666675722599029541e+01 -2.672322528627580951e+01 -2.700000000000000000e+01
-2.702967000172590772e+01 -2.611713954806327820e+01 -2.591307265742956645e+01 -2.600000000000000000e+01
-2.568309227073276091e+01 -2.490106201171875000e+01 -2.483078663441147427e+01 -2.500000000000000000e+01
0.000000000000000000e+00 0.000000000000000000e+00 0.000000000000000000e+00 0.000000000000000000e+00
-1.179975311173511798e+01 -9.625000000000000000e+00 -8.824859619140625000e+00 -1.090625000000000000e+01
-1.488830161209904190e+01 -1.873242187500000000e+01 -1.535912768449634314e+01 -1.500000000000000000e+01
-1.977274485510834268e+01 -1.758000184083357453e+01 -1.500000000000000000e+01 -1.399999999987816501e+01
-5.400000000000000000e+01 -5.597120564856491143e+01 -5.454495271566119641e+01 -5.203986278927537512e+01
-4.981962152750929818e+01 -2.788261371571276825e+01 -6.038980781517233964e+01 -2.828242330827783491e+01
-3.536586028046440333e+01 -2.777991488643285933e+01 -2.712984053489503466e+01 -2.711792195270746930e+01
-2.810145826160442084e+01 -2.737530132710526232e+01 -2.669065260337092482e+01 -2.700000000000000000e+01
-2.553866601464267205e+01 -2.589084246754646301e+01 -2.543151347043419364e+01 -2.550000000000000000e+01
-2.444986838835328058e+01 -2.517120814323425293e+01 -2.446946968310250270e+01 -2.450000000000000000e+01
0.000000000000000000e+00 0.000000000000000000e+00 0.000000000000000000e+00 0.000000000000000000e+00
0.000000000000000000e+00 0.000000000000000000e+00 0.000000000000000000e+00 0.000000000000000000e+00
-1.679571970998039276e+01 -1.623974609375000000e+01 -1.497991088032722473e+01 -1.500000000000000000e+01
-1.588776146110567566e+01 -1.767090018984526978e+01 -1.400000000000000000e+01 -1.299999999999290878e+01
-2.950000000000000000e+01 -5.307988381194701333e+01 -2.933618428396760436e+01 -5.596590163984805599e+01
-2.899783305689743429e+01 -2.837034892286947141e+01 -2.837495737086192804e+01 -2.851418136812195669e+01
-2.903510336858334995e+01 -2.769415967330536077e+01 -2.743419954331855237e+01 -2.754025260181720114e+01
-2.595956777962328488e+01 -2.709387493133544922e+01 -2.605684741249711323e+01 -2.600000000000000000e+01
-2.709679981338558719e+01 -2.572606408596038818e+01 -2.503135233563703110e+01 -2.550000000000000000e+01
0.000000000000000000e+00 0.000000000000000000e+00 0.000000000000000000e+00 0.000000000000000000e+00
0.000000000000000000e+00 0.000000000000000000e+00 0.000000000000000000e+00 0.000000000000000000e+00
0.000000000000000000e+00 0.000000000000000000e+00 0.000000000000000000e+00 0.000000000000000000e+00
-1.092290295479242701e+01 -1.298925781250000000e+01 -1.218994140625000000e+01 -1.100000000000000000e+01
-1.687865904550222496e+01 -1.834917828781726712e+01 -1.250000000000000000e+01 -1.199999999999972999e+01
-2.750000000000000000e+01 -3.325200196528108876e+01 -2.752523696001526332e+01 -2.795410195172147283e+01
-2.764261279377782543e+01 -2.880099473852042991e+01 -2.768212347066484824e+01 -2.769669787462559185e+01
-2.760426634377552091e+01 -2.743772949512522885e+01 -2.691082028037558516e+01 -2.733659871582978695e+01
-2.622418781429856693e+01 -2.550917020792257972e+01 -2.562161888607650440e+01 -2.550000000000000000e+01
0.000000000000000000e+00 0.000000000000000000e+00 0.000000000000000000e+00 0.000000000000000000e+00
0.000000000000000000e+00 0.000000000000000000e+00 0.000000000000000000e+00 0.000000000000000000e+00
0.000000000000000000e+00 0.000000000000000000e+00 0.000000000000000000e+00 0.000000000000000000e+00
0.000000000000000000e+00 0.000000000000000000e+00 0.000000000000000000e+00 0.000000000000000000e+00
0.000000000000000000e+00 -1.718215614557266235e+01 -1.213046455383300781e+01 -1.350000000000000000e+01
-1.167318339636358360e+01 -1.873467007229146475e+01 -1.150000000000000000e+01 -1.099999999999999822e+01
-2.750000000000000000e+01 -2.923979778774805638e+01 -2.746730817452127127e+01 -2.750000000000000000e+01
-2.733467742053835536e+01 -2.714173086277996561e+01 -2.695090967456259179e+01 -2.700000000000000000e+01
-2.630331841953739058e+01 -2.650975755363469233e+01 -2.632902625338213198e+01 -2.700000000000000000e+01
0.000000000000000000e+00 0.000000000000000000e+00 0.000000000000000000e+00 0.000000000000000000e+00
0.000000000000000000e+00 0.000000000000000000e+00 0.000000000000000000e+00 0.000000000000000000e+00
0.000000000000000000e+00 0.000000000000000000e+00 0.000000000000000000e+00 0.000000000000000000e+00
0.000000000000000000e+00 0.000000000000000000e+00 0.000000000000000000e+00 0.000000000000000000e+00
0.000000000000000000e+00 0.000000000000000000e+00 0.000000000000000000e+00 0.000000000000000000e+00
0.000000000000000000e+00 0.000000000000000000e+00 0.000000000000000000e+00 0.000000000000000000e+00
-1.000000000000000000e+00 -1.851891208253221066e+01 -1.050000000000000000e+01 -1.000000000000000000e+01
